-5444 -3644 -3.14159 0.780503 1.10151
-5444 -3644 -1.5708 1.3052 1.29983
-5444 -3644 0 0.857638 1.01648
-5444 -3644 1.5708 1 1
-5444 -3644 3.14159 0.891744 0.734684
-5444 -1822 -3.14159 0.93597 0.940348
-5444 -1822 -1.5708 0.796622 0.931034
-5444 -1822 0 1.45632 0.980994
-5444 -1822 1.5708 0.935862 1.17937
-5444 -1822 3.14159 0.950909 1.07447
-5444 0 -3.14159 1.0846 1.08909
-5444 0 -1.5708 1.20136 1.06625
-5444 0 0 1.04627 1.21073
-5444 0 1.5708 1.07503 1.2422
-5444 0 3.14159 0.921014 1.06816
-5444 1822 -3.14159 0.943353 0.987043
-5444 1822 -1.5708 0.763861 1.02273
-5444 1822 0 1.0908 0.724701
-5444 1822 1.5708 0.993433 0.979218
-5444 1822 3.14159 1.04766 0.853595
-5444 3644 -3.14159 1 1
-5444 3644 -1.5708 0.939046 0.957906
-5444 3644 0 0.917056 0.989023
-5444 3644 1.5708 0.926228 0.847908
-5444 3644 3.14159 0.994924 1.45877
-2722 -3644 -3.14159 1.05314 0.897227
-2722 -3644 -1.5708 1.04612 1.06594
-2722 -3644 0 1.13107 1.108
-2722 -3644 1.5708 1 1
-2722 -3644 3.14159 1.03751 1.24049
-2722 -1822 -3.14159 1.00205 0.90336
-2722 -1822 -1.5708 0.924228 1.21663
-2722 -1822 0 1.39495 0.710668
-2722 -1822 1.5708 1.32574 0.854536
-2722 -1822 3.14159 0.780473 1.24705
-2722 0 -3.14159 0.892275 1.14208
-2722 0 -1.5708 1.08917 1.20074
-2722 0 0 1.06791 1.19412
-2722 0 1.5708 1.11116 0.856105
-2722 0 3.14159 1.06319 1.2121
-2722 1822 -3.14159 0.918996 1.14627
-2722 1822 -1.5708 0.935657 0.934827
-2722 1822 0 1.08984 1.04825
-2722 1822 1.5708 0.970533 0.914471
-2722 1822 3.14159 1.09646 0.91974
-2722 3644 -3.14159 1.05706 0.986589
-2722 3644 -1.5708 1.19514 0.812916
-2722 3644 0 1 1
-2722 3644 1.5708 1 1
-2722 3644 3.14159 1 1
0 -3644 -3.14159 1.25878 1.23407
0 -3644 -1.5708 0.905169 0.917494
0 -3644 0 1.13969 0.869637
0 -3644 1.5708 1.0817 1.10564
0 -3644 3.14159 0.910036 1.06049
0 -1822 -3.14159 0.825581 1.14062
0 -1822 -1.5708 0.968069 0.996707
0 -1822 0 0.834851 1.0734
0 -1822 1.5708 0.882993 1.05921
0 -1822 3.14159 1.04984 0.956023
0 0 -3.14159 1 1
0 0 -1.5708 1.07264 2.08561
0 0 0 1.1043 1.03875
0 0 1.5708 0.91145 1.21695
0 0 3.14159 0.975445 1.05525
0 1822 -3.14159 0.940046 0.907951
0 1822 -1.5708 0.859143 1.06811
0 1822 0 0.971432 1.11883
0 1822 1.5708 0.97916 1.01039
0 1822 3.14159 1 1
0 3644 -3.14159 0.939054 0.83237
0 3644 -1.5708 1.23564 0.922775
0 3644 0 1 1
0 3644 1.5708 0.944915 1.05801
0 3644 3.14159 1 1
2722 -3644 -3.14159 1.03177 1.15012
2722 -3644 -1.5708 0.829075 0.863284
2722 -3644 0 1 1
2722 -3644 1.5708 1.21424 1.135
2722 -3644 3.14159 1.29689 0.914358
2722 -1822 -3.14159 1.09089 1.12974
2722 -1822 -1.5708 0.939799 0.902889
2722 -1822 0 1.78374 0.873619
2722 -1822 1.5708 0.999411 1.3777
2722 -1822 3.14159 1.23412 0.938664
2722 0 -3.14159 0.902427 0.995362
2722 0 -1.5708 0.950918 1.00826
2722 0 0 0.99088 0.686974
2722 0 1.5708 1.06402 0.93939
2722 0 3.14159 0.997649 1.04587
2722 1822 -3.14159 1.0312 0.906977
2722 1822 -1.5708 1.05656 1.14418
2722 1822 0 0.931499 0.842073
2722 1822 1.5708 1.22912 0.938113
2722 1822 3.14159 1.07973 0.979974
2722 3644 -3.14159 0.999968 0.961359
2722 3644 -1.5708 1.07047 0.893174
2722 3644 0 0.903008 0.994797
2722 3644 1.5708 0.835296 0.729593
2722 3644 3.14159 1.01633 1.10405
5444 -3644 -3.14159 0.789275 0.806345
5444 -3644 -1.5708 1.09811 1.61065
5444 -3644 0 0.89644 0.953207
5444 -3644 1.5708 0.766995 0.80492
5444 -3644 3.14159 1.39257 0.962693
5444 -1822 -3.14159 0.722082 0.962378
5444 -1822 -1.5708 0.809341 1.00117
5444 -1822 0 0.80538 1.0627
5444 -1822 1.5708 1 1
5444 -1822 3.14159 0.809822 0.839999
5444 0 -3.14159 1.15328 0.947884
5444 0 -1.5708 1.00013 1.02349
5444 0 0 1 1
5444 0 1.5708 0.963378 0.77073
5444 0 3.14159 1.01205 0.964926
5444 1822 -3.14159 1.65541 0.993467
5444 1822 -1.5708 0.906227 1.34699
5444 1822 0 1 1
5444 1822 1.5708 1.1205 0.906411
5444 1822 3.14159 1.19737 0.92407
5444 3644 -3.14159 0.95045 1.00004
5444 3644 -1.5708 1.05433 1.04516
5444 3644 0 1.01907 1.05794
5444 3644 1.5708 0.944136 1.04752
5444 3644 3.14159 0.96098 0.867682
